Record Nn' Vn' Fn' On'  Nv   Vv  Fv' Ov' No' Vo' Fo'  Q Se   Q +P   V Se   V +P  V FPR
 100  2104   0   0  91   0    0   0   0 168   1   0  92.56  95.85   0.00      -  0.000
 101  1650   0   2 176   0    0   0   0 213   0   0  88.58  90.37      -      -  0.000
 102    99   2 2073   2   0    0   0   0   0   2  11  99.41  99.91   0.00      -  0.000
 103  1884   0   0 157   0    0   0   0 200   0   0  90.40  92.31      -      -  0.000
 104   149   1 1919 108   0    0   0   0  14   1 145  92.82  95.04   0.00      -  0.000
 105  2295  35   3 143   0    0   0   0 231   6   2  90.71  94.22   0.00      -  0.000
 106  1393 412   0 148   0    0   0   0 114 108   0  89.05  92.42   0.00      -  0.000
 107     0  53 2067   9   0    0   0   0   0   6  11  99.20  99.58   0.00      -  0.000
 108  1228  13   2 802   0    0   0   0 516   4   0  70.50  60.78   0.00      -  0.000
 109  2488  30   2   4   0    0   0   0   4   8   0  99.53  99.84   0.00      -  0.000
 111  2011   1   0  62   0    0   0   0 112   0   0  94.73  97.01   0.00      -  0.000
 112  2164   0   0 365   0    0   0   0 375   0   0  85.23  85.57      -      -  0.000
 113  1694   0   0  96   0    0   0   0 101   0   0  94.37  94.64      -      -  0.000
 114  1376  24   4 491   0    0   0   0 456  19   0  74.72  74.09   0.00      -  0.000
 115  1905   0   0  99   0    0   0   0  48   0   0  97.54  95.06      -      -  0.000
 116  2172 104   0 118   0    0   0   0 131   5   0  94.36  95.07   0.00      -  0.000
 117  1128   0   0 684   0    0   0   0 407   0   0  73.49  62.25      -      -  0.000
 118  2231  16   0  14   0    0   0   0  31   0   0  98.64  99.38   0.00      -  0.000
 119  1361 403   0 272   0    0   0   0 182  41   0  88.78  86.64   0.00      -  0.000
 121  1051   1   0 1208   0    0   0   0 811   0   0  56.47  46.55   0.00      -  0.000
 122  2300   0   0  35   0    0   0   0 176   0   0  92.89  98.50      -      -  0.000
 123  1472   0   0  79   0    0   0   0  43   3   0  96.97  94.91   0.00      -  0.000
 124  1379  41   4 224   0    0   0   0 188   6   1  87.96  86.41   0.00      -  0.000
 200  1366 619   1 284   0    0   0   0 407 207   1  76.36  87.49   0.00      -  0.000
 201  1330 185   1 454   0    0   0   0 433  13   1  77.23  76.95   0.00      -  0.000
 202  1694  18   1 518   0    0   0   0 422   1   0  80.20  76.78   0.00      -  0.000
 203  1785 289   3 258   0    0   0   0 746 155   2  69.70  88.95   0.00      -  0.000
 205  2468  54   8  53   0    0   0   0 106  17   3  95.26  97.95   0.00      -  0.000
 207  1118 166   0 719   0    0   0   0 532  44   0  69.03  64.10   0.00      -  0.000
 208  1290 745 351 135   0    0   0   0 298 247  24  80.74  94.64   0.00      -  0.000
 209  2938   1   0   8   0    0   0   0  66   0   0  97.80  99.73   0.00      -  0.000
 210  2249 119   3  95   0    0   0   0 196  76   7  89.47  96.15   0.00      -  0.000
 212  2580   0   0 105   0    0   0   0 168   0   0  93.89  96.09      -      -  0.000
 213  2028 201 347 125   0    0   0   0 641  19  15  79.24  95.37   0.00      -  0.000
 214  1535 176   2 407   0    0   0   0 468  80   1  75.73  80.80   0.00      -  0.000
 215  2968 149   0   9   0    0   0   0 230  15   1  92.69  99.71   0.00      -  0.000
 217   211 117 1695 153   0    0   0   0  33  45 107  91.62  92.97   0.00      -  0.000
 219  1753  39   1 426   0    0   0   0 336  25   0  83.24  80.80   0.00      -  0.000
 220  1919   0   0 179   0    0   0   0 129   0   0  93.70  91.47      -      -  0.000
 221  1879 339   0 125   0    0   0   0 152  57   0  91.39  94.66   0.00      -  0.000
 222  1952   0   0 280   0    0   0   0 531   0   0  78.61  87.46      -      -  0.000
 223  1622 336  11 510   0    0   0   0 496 137   3  75.59  79.43   0.00      -  0.000
 228  1346 319   0 411   0    0   0   0 345  43   0  81.10  80.20   0.00      -  0.000
 230  2153   1   0  85   0    0   0   0 102   0   0  95.48  96.20   0.00      -  0.000
 231  1503   2   0 111   0    0   0   0  66   0   0  95.80  93.13   0.00      -  0.000
 232  1646   0   0 792   0    0   0   0 134   0   0  92.47  67.51      -      -  0.000
 233  1295 507   7 626   0    0   0   0 942 324   4  58.75  74.29   0.00      -  0.000
 234  2462   2   0  42   0    0   0   0 288   1   0  89.50  98.32   0.00      -  0.000
______________________________________________________________________________________
Sum   80624 5520 8507 12297   0    0   0   0 12788 1716 339
Gross                                                   86.44  88.50   0.00      -  0.000
Average                                                 86.53  88.07   0.00      -  0.000
Total QRS complexes: 109494  Total VEBs: 7236

Summary of results from 48 records
