Record Nn' Vn' Fn' On'  Nv   Vv  Fv' Ov' No' Vo' Fo'  Q Se   Q +P   V Se   V +P  V FPR
 100  2254   1   0   0   0    0   0   0  18   0   0  99.21 100.00   0.00      -  0.000
 101  1855   0   2  11   0    0   0   0   8   0   0  99.57  99.41      -      -  0.000
 102    99   1 2083   1   0    0   0   0   0   3   1  99.82  99.95   0.00      -  0.000
 103  2000   0   0 129   0    0   0   0  84   0   0  95.97  93.94      -      -  0.000
 104   159   2 1932  43   0    0   0   0   4   0 132  93.90  97.99   0.00      -  0.000
 105  2218  41   3  99   0    0   0   0 308   0   2  87.95  95.81   0.00      -  0.000
 106  1458 424   0  10   0    0   0   0  49  96   0  92.85  99.47   0.00      -  0.000
 107     0  43 2075   6   0    0   0   0   0  16   3  99.11  99.72   0.00      -  0.000
 108  1642  14   2 227   0    0   0   0 102   3   0  94.04  87.96   0.00      -  0.000
 109  2214  28   2   3   0    0   0   0 278  10   0  88.63  99.87   0.00      -  0.000
 111  2100   1   0  24   0    0   0   0  23   0   0  98.92  98.87   0.00      -  0.000
 112  2128   0   0 261   0    0   0   0 411   0   0  83.81  89.07      -      -  0.000
 113  1793   0   0   1   0    0   0   0   2   0   0  99.89  99.94      -      -  0.000
 114  1827  43   4   2   0    0   0   0   5   0   0  99.73  99.89   0.00      -  0.000
 115  1941   0   0   8   0    0   0   0  12   0   0  99.39  99.59      -      -  0.000
 116  1988 102   0  20   0    0   0   0 315   7   0  86.65  99.05   0.00      -  0.000
 117  1534   0   0   6   0    0   0   0   1   0   0  99.93  99.61      -      -  0.000
 118  2132  15   0  15   0    0   0   0 130   1   0  94.25  99.31   0.00      -  0.000
 119  1437 444   0  57   0    0   0   0 106   0   0  94.67  97.06   0.00      -  0.000
 121  1853   1   0  35   0    0   0   0   9   0   0  99.52  98.15   0.00      -  0.000
 122   117   0   0  31   0    0   0   0 2359   0   0   4.73  79.05      -      -  0.000
 123  1507   0   0   6   0    0   0   0   8   3   0  99.28  99.60   0.00      -  0.000
 124   327  20   2   5   0    0   0   0 1240  27   3  21.56  98.59   0.00      -  0.000
 200   845 762   1  68   0    0   0   0 928  64   1  61.82  95.94   0.00      -  0.000
 201  1609 198   2   2   0    0   0   0 154   0   0  92.15  99.89   0.00      -  0.000
 202  2027  19   1   2   0    0   0   0  89   0   0  95.83  99.90   0.00      -  0.000
 203  1769 368   2  58   0    0   0   0 762  76   3  71.78  97.36   0.00      -  0.000
 205  2385  65  10   2   0    0   0   0 189   6   1  92.62  99.92   0.00      -  0.000
 207  1626 169   0  29   0    0   0   0  24  41   0  96.51  98.41   0.00      -  0.000
 208  1392 752 372  30   0    0   0   0 196 240   3  85.14  98.82   0.00      -  0.000
 209  2873   1   0   3   0    0   0   0 131   0   0  95.64  99.90   0.00      -  0.000
 210  2225 166   4  17   0    0   0   0 220  29   6  90.38  99.30   0.00      -  0.000
 212  2583   0   0   4   0    0   0   0 165   0   0  94.00  99.85      -      -  0.000
 213  2536 217 353   0   0    0   0   0 133   3   9  95.54 100.00   0.00      -  0.000
 214  1971 189   3   4   0    0   0   0  32  67   0  95.62  99.82   0.00      -  0.000
 215  2850 154   0   2   0    0   0   0 348  10   1  89.33  99.93   0.00      -  0.000
 217   214 135 1786 102   0    0   0   0  30  27  16  96.69  95.44   0.00      -  0.000
 219  2015  30   1  38   0    0   0   0  74  34   0  94.99  98.18   0.00      -  0.000
 220  2047   0   0   0   0    0   0   0   1   0   0  99.95 100.00      -      -  0.000
 221  1950 371   0   6   0    0   0   0  81  25   0  95.63  99.74   0.00      -  0.000
 222  2313   0   0   6   0    0   0   0 170   0   0  93.15  99.74      -      -  0.000
 223   499  11   4   6   0    0   0   0 1619 462  10  19.73  98.85   0.00      -  0.000
 228  1687 269   0   1   0    0   0   0   4  93   0  95.28  99.95   0.00      -  0.000
 230  2160   1   0   2   0    0   0   0  95   0   0  95.79  99.91   0.00      -  0.000
 231  1569   2   0   2   0    0   0   0   0   0   0 100.00  99.87   0.00      -  0.000
 232  1597   0   0  38   0    0   0   0 183   0   0  89.72  97.68      -      -  0.000
 233  2215 646   7   0   0    0   0   0  22 185   4  93.15 100.00   0.00      -  0.000
 234  2589   1   0   1   0    0   0   0 161   2   0  94.08  99.96   0.00      -  0.000
______________________________________________________________________________________
Sum   82129 5706 8651 1423   0    0   0   0 11283 1530 195
Gross                                                   88.12  98.55   0.00      -  0.000
Average                                                 88.71  98.13   0.00      -  0.000
Total QRS complexes: 109494  Total VEBs: 7236

Summary of results from 48 records
