Record Nn' Vn' Fn' On'  Nv   Vv  Fv' Ov' No' Vo' Fo'  Q Se   Q +P   V Se   V +P  V FPR
s20011 84838   1   0 8104   0    0   0   0 15213   1   0  84.79  91.28   0.00      -  0.000
s20021 63700  89   1 20608   0    0   0   0 25124  49   0  71.70  75.58   0.00      -  0.000
s20031 99302   0   0 1936   0    0   0   0 10197   1   1  90.69  98.09   0.00      -  0.000
s20041 98993 1747   4 3103   0    0   0   0 3877 4680   3  92.17  97.01   0.00      -  0.000
s20051 97015   1   2 11401   0    0   0   0 15872   1   0  85.94  89.48   0.00      -  0.000
s20061 95071 595   0 13985   0    0   0   0 22078 181   0  81.12  87.25   0.00      -  0.000
s20071 63708   4   0 18180   0    0   0   0 22045   1   0  74.29  77.80   0.00      -  0.000
s20081 87046 1104  10 15227   0    0   0   0 24619 188  12  78.03  85.27   0.00      -  0.000
s20091 93156   0   0 9199   0    0   0   0 18414   0   0  83.50  91.01      -      -  0.000
s20101 60223 5168 180 11400   0    0   0   0 10329 1913 204  84.05  85.19   0.00      -  0.000
s20111 77130   1   0 8875   0    0   0   0 8132   2   0  90.46  89.68   0.00      -  0.000
s20121 69815 460   0 12553   0    0   0   0 15131 120   0  82.17  84.84   0.00      -  0.000
s20131 90725 304   5 9863   0    0   0   0 15074 191   1  85.64  90.22   0.00      -  0.000
s20141 97129   0   0 8464   0    0   0   0 19545   0   0  83.25  91.98      -      -  0.000
s20151 56219  91   7 26557   0    0   0   0 23279  75   4  70.68  67.95   0.00      -  0.000
s20161 59095   5   1 29055   0    0   0   0 24594   3   0  70.61  67.04   0.00      -  0.000
s20171 112769   6   0 3203   0    0   0   0 13748   3   0  89.13  97.24   0.00      -  0.000
s20181 80439  80   1 22441   0    0   0   0 26413  45   0  75.27  78.20   0.00      -  0.000
s20191 78169   7   0 10542   0    0   0   0 19456   0   0  80.07  88.12   0.00      -  0.000
s20201 76774   7   0 10119   0    0   0   0 14692   4   0  83.93  88.36   0.00      -  0.000
s20211 90386  12   1 3781   0    0   0   0 9456   5   0  90.53  95.99   0.00      -  0.000
s20221 82219  19   0 28027   0    0   0   0 36936   8   0  69.00  74.58   0.00      -  0.000
s20231 77277   2   1 16595   0    0   0   0 25820   0   0  74.96  82.32   0.00      -  0.000
s20241 68952   5   0 24934   0    0   0   0 23481   1   0  74.60  73.44   0.00      -  0.000
s20251 103213   4   0 2508   0    0   0   0 5153   3   0  95.24  97.63   0.00      -  0.000
s20261 83949 579   1 10700   0    0   0   0 17615 167   0  82.62  88.76   0.00      -  0.000
s20271 102270 5554   0 3511   0    0   0   0 4038 2339   0  94.42  96.85   0.00      -  0.000
s20272 111766 306   0 3084   0    0   0   0 5950  55   0  94.91  97.32   0.00      -  0.000
s20273 100177 513   0 2004   0    0   0   0 3237  93   0  96.80  98.05   0.00      -  0.000
s20274 115777 628   2 1448   0    0   0   0 4580  74   0  96.16  98.77   0.00      -  0.000
s20281 58468   0   0 16768   0    0   0   0 14608   0   0  80.01  77.71      -      -  0.000
s20291 61082 304   0 17488   0    0   0   0 15095 106   0  80.15  77.83   0.00      -  0.000
s20301 87527  20   0 11701   0    0   0   0 19228   4   0  81.99  88.21   0.00      -  0.000
s20311 61194   1   0 29309   0    0   0   0 24991   2   0  71.00  67.62   0.00      -  0.000
s20321 76446  99   0 12377   0    0   0   0 15282 102   0  83.27  86.08   0.00      -  0.000
s20331 53888   5   2 41057   0    0   0   0 30121   1   1  64.15  56.76   0.00      -  0.000
s20341 55589  60   1 38995   0    0   0   0 44577  27   1  55.51  58.80   0.00      -  0.000
s20351 103415 603   0 3863   0    0   0   0 15441 193   0  86.93  96.42   0.00      -  0.000
s20361 74330   7   1 22388   0    0   0   0 31346   4   0  70.34  76.85   0.00      -  0.000
s20371 79399   4   0 9239   0    0   0   0 16346   1   0  82.93  89.58   0.00      -  0.000
s20381 42733  30   0 18354   0    0   0   0 60186  23   0  41.53  69.97   0.00      -  0.000
s20391 95972  24   4 3431   0    0   0   0 6669 177   3  93.34  96.55   0.00      -  0.000
s20401 62122  44   0 15004   0    0   0   0 15150  17   0  80.39  80.56   0.00      -  0.000
s20411 68507  19   0 19325   0    0   0   0 16177   4   0  80.90  78.00   0.00      -  0.000
s20421 60800  75   4 24541   0    0   0   0 32068  18   1  65.49  71.27   0.00      -  0.000
s20431 78738  24   0 20153   0    0   0   0 23652   9   0  76.90  79.63   0.00      -  0.000
s20441 78581 2116   0 10959   0    0   0   0 11110 1320   0  86.65  88.04   0.00      -  0.000
s20451 74857   0   0 12704   0    0   0   0 13195   3   0  85.01  85.49   0.00      -  0.000
s20461 93026   2   0 6025   0    0   0   0 5844   0   0  94.09  93.92   0.00      -  0.000
s20471 82492  35   0 26125   0    0   0   0 32749  26   1  71.57  75.96   0.00      -  0.000
s20481 26402   0   0 33874   0    0   0   0 65053   0   0  28.87  43.80      -      -  0.000
s20491 80497 686   0 10357   0    0   0   0 15679  89   0  83.74  88.69   0.00      -  0.000
s20501 118803 445   0 14925   0    0   0   0 23419  57   1  83.55  88.88   0.00      -  0.000
s20511 32237   4   0 36830   0    0   0   0 50476   4   2  38.97  46.68   0.00      -  0.000
s20521 52535   8   0 17473   0    0   0   0 22788   5   0  69.74  75.04   0.00      -  0.000
s20531 73945  45   1 11611   0    0   0   0 12577  16   0  85.46  86.44   0.00      -  0.000
s20541 84855 411   4 16253   0    0   0   0 29727 152   2  74.05  83.99   0.00      -  0.000
s20551 41399  48   2 81248   0    0   0   0 59117  63   0  41.19  33.78   0.00      -  0.000
s20561 86560  61   1 6228   0    0   0   0 14184  10   0  85.92  93.29   0.00      -  0.000
s20571 70038 978   0 11427   0    0   0   0 16637 1310   5  79.82  86.14   0.00      -  0.000
s20581 58991   9   0 24716   0    0   0   0 25926   9   0  69.46  70.48   0.00      -  0.000
s20591 63426   2   0 27032   0    0   0   0 20732   1   0  75.37  70.12   0.00      -  0.000
s20601 88201   1   0 18803   0    0   0   0 28740   1   0  75.42  82.43   0.00      -  0.000
s20611 174041   0   0 41861   0    0   0   0 61913   0   0  73.76  80.61      -      -  0.000
s20621 66280 760   0 21101   0    0   0   0 44713 615   1  59.66  76.06   0.00      -  0.000
s20631 88135   0   0 8699   0    0   0   0 11901   0   0  88.10  91.02      -      -  0.000
s20641 52161 440   0 43940   0    0   0   0 31911 342   0  61.99  54.49   0.00      -  0.000
s20651 95543 148   0 8370   0    0   0   0 7989 184   0  92.13  91.96   0.00      -  0.000
s30661 113722  53   1 19178   0    0   0   0 30662   7   2  78.77  85.58   0.00      -  0.000
s30671 82858 176   1 7936   0    0   0   0 15830 174   1  83.84  91.28   0.00      -  0.000
s30681 103617  12   0 5311   0    0   0   0 23019   3   0  81.82  95.12   0.00      -  0.000
s30691 76879   0   0 17913   0    0   0   0 24803   1   0  75.61  81.10   0.00      -  0.000
s30701 85033   0   0 13769   0    0   0   0 22045   0   0  79.41  86.06      -      -  0.000
s30711 85092 17272   3 8005   0    0   0   0 49196 1769   4  66.76  92.75   0.00      -  0.000
s30721 89822 246   0 14397   0    0   0   0 16479  89   0  84.46  86.22   0.00      -  0.000
s30731 76574  33   7 25839   0    0   0   0 29436   3   4  72.24  74.78   0.00      -  0.000
s30732 70294  20   1 23964   0    0   0   0 26294   5   1  72.78  74.58   0.00      -  0.000
s30741 101974   0   0 10355   0    0   0   0 21487   0   0  82.60  90.78      -      -  0.000
s30742 92047   0   0 10309   0    0   0   0 21720   0   0  80.91  89.93      -      -  0.000
s30751 57550 2662   6 35358   0    0   0   0 45030 814   2  56.78  63.01   0.00      -  0.000
s30752 66423 4403  12 29815   0    0   0   0 48131 1588  10  58.75  70.38   0.00      -  0.000
s30761 85093 1500  37 17737   0    0   0   0 28679 1714  21  74.01  83.01   0.00      -  0.000
s30771 62110   2   0 12268   0    0   0   0 15957   4   0  79.56  83.51   0.00      -  0.000
s30781 93950 316   6 9239   0    0   0   0 15722  92   1  85.63  91.07   0.00      -  0.000
s30791 83981  45   1 12361   0    0   0   0 16443  12   0  83.62  87.18   0.00      -  0.000
s30801 77255   0   0 19081   0    0   0   0 17118   0   0  81.86  80.19      -      -  0.000
______________________________________________________________________________________
Sum  6884791 51550 311 1438796   0    0   0   0 1939466 21373 289
Gross                                                   77.96  82.82   0.00      -  0.000
Average                                                 77.74  82.22   0.00      -  0.000
Total QRS complexes: 8897780  Total VEBs: 72923

Summary of results from 86 records
