Record Nn' Vn' Fn' On'  Nv   Vv  Fv' Ov' No' Vo' Fo'  Q Se   Q +P   V Se   V +P  V FPR
 100  2271   1   0   2   0    0   0   0   1   0   0  99.96  99.91   0.00      -  0.000
 101  1861   0   2  21   0    0   0   0   2   0   0  99.89  98.89      -      -  0.000
 102    98   4 2084  30   0    0   0   0   1   0   0  99.95  98.65   0.00      -  0.000
 103  2084   0   0   3   0    0   0   0   0   0   0 100.00  99.86      -      -  0.000
 104   162   2 2003 157   0    0   0   0   1   0  61  97.22  93.24   0.00      -  0.000
 105  2481  41   4 238   0    0   0   0  45   0   1  98.21  91.39   0.00      -  0.000
 106  1506 509   0  77   0    0   0   0   1  11   0  99.41  96.32   0.00      -  0.000
 107     0  57 2077  39   0    0   0   0   0   2   1  99.86  98.21   0.00      -  0.000
 108  1377  13   1 1406   0    0   0   0 367   4   1  78.90  49.73   0.00      -  0.000
 109  2484  38   2  40   0    0   0   0   8   0   0  99.68  98.44   0.00      -  0.000
 111  2117   1   0 1282   0    0   0   0   6   0   0  99.72  62.29   0.00      -  0.000
 112  2535   0   0  92   0    0   0   0   4   0   0  99.84  96.50      -      -  0.000
 113  1794   0   0   9   0    0   0   0   1   0   0  99.94  99.50      -      -  0.000
 114  1829  43   4  53   0    0   0   0   3   0   0  99.84  97.25   0.00      -  0.000
 115  1953   0   0   0   0    0   0   0   0   0   0 100.00 100.00      -      -  0.000
 116  2282 108   0  20   0    0   0   0  21   1   0  99.09  99.17   0.00      -  0.000
 117  1535   0   0  13   0    0   0   0   0   0   0 100.00  99.16      -      -  0.000
 118  2255  16   0 126   0    0   0   0   7   0   0  99.69  94.74   0.00      -  0.000
 119  1543 444   0   5   0    0   0   0   0   0   0 100.00  99.75   0.00      -  0.000
 121  1814   1   0 357   0    0   0   0  48   0   0  97.42  83.56   0.00      -  0.000
 122  2476   0   0   1   0    0   0   0   0   0   0 100.00  99.96      -      -  0.000
 123  1515   3   0   3   0    0   0   0   0   0   0 100.00  99.80   0.00      -  0.000
 124  1567  47   5   3   0    0   0   0   0   0   0 100.00  99.82   0.00      -  0.000
 200  1729 814   1 461   0    0   0   0  44  12   1  97.81  84.66   0.00      -  0.000
 201  1762 198   2 198   0    0   0   0   1   0   0  99.95  90.83   0.00      -  0.000
 202  2115  19   1  12   0    0   0   0   1   0   0  99.95  99.44   0.00      -  0.000
 203  2318 379   2 576   0    0   0   0 213  65   3  90.57  82.41   0.00      -  0.000
 205  2572  70  11  13   0    0   0   0   2   1   0  99.89  99.51   0.00      -  0.000
 207     0   0   0   0   0    0   0   0 1650 210   0   0.00      -   0.00      -      -
 208  1570 986 372 107   0    0   0   0  18   6   3  99.09  96.47   0.00      -  0.000
 209  2998   1   0  97   0    0   0   0   6   0   0  99.80  96.87   0.00      -  0.000
 210  2409 192  10  84   0    0   0   0  36   3   0  98.53  96.88   0.00      -  0.000
 212  2716   0   0 661   0    0   0   0  32   0   0  98.84  80.43      -      -  0.000
 213  2668 219 362  11   0    0   0   0   1   1   0  99.94  99.66   0.00      -  0.000
 214  1127 143   1   7   0    0   0   0 876 113   2  56.19  99.45   0.00      -  0.000
 215  3178 163   1 300   0    0   0   0  20   1   0  99.38  91.76   0.00      -  0.000
 217   244 160 1802  72   0    0   0   0   0   2   0  99.91  96.84   0.00      -  0.000
 219  2087  64   1   0   0    0   0   0   2   0   0  99.91 100.00   0.00      -  0.000
 220  2048   0   0   0   0    0   0   0   0   0   0 100.00 100.00      -      -  0.000
 221  2028 391   0  40   0    0   0   0   3   5   0  99.67  98.37   0.00      -  0.000
 222  2475   0   0  73   0    0   0   0   8   0   0  99.68  97.14      -      -  0.000
 223  2118 470  14  10   0    0   0   0   0   3   0  99.88  99.62   0.00      -  0.000
 228  1489 329   0 876   0    0   0   0 202  33   0  88.55  67.48   0.00      -  0.000
 230  2255   1   0  11   0    0   0   0   0   0   0 100.00  99.51   0.00      -  0.000
 231  1569   2   0   0   0    0   0   0   0   0   0 100.00 100.00   0.00      -  0.000
 232  1671   0   0 105   0    0   0   0 109   0   0  93.88  94.09      -      -  0.000
 233  2235 829  11  69   0    0   0   0   2   2   0  99.87  97.81   0.00      -  0.000
 234  2749   2   0   0   0    0   0   0   1   1   0  99.93 100.00   0.00      -  0.000
______________________________________________________________________________________
Sum   89669 6760 8773 7760   0    0   0   0 3743 476  73
Gross                                                   96.08  93.13   0.00      -  0.000
Average                                                 95.62  94.16   0.00      -  0.000
Total QRS complexes: 109494  Total VEBs: 7236

Summary of results from 48 records
